 111 130 135 136 136 136 135 134 142 139 136 129 136 136 139 135
 120 152 154 153 152 153 152 152 152 150 150 149 149 149 148 147
 109 150 152 153 152 152 151 152 151 150 149 149 146 145 147 143
 116 150 150 152 153 151 149 149 150 150 148 148 148 147 146 142
 116 152 152 151 151 149 146 147 147 148 147 147 147 146 145 145
 126 153 153 149 148 149 150 146 145 148 145 146 147 145 146 145
 108  71  96  85  90  82  88  76  77  84  77  91  80  87  83 101
  81 100 109 116  97 120 115 103 105  99  97  99 101 102 102 101
  76 129 107 143  68 127  83 101 111  98 116 101 106  83 112  92
 116 100 124 145 124  94 125 130 126 118 113  85 112 120 137 130
 117 151 150 148 147 147 147 147 146 147 145 127 146 146 145 142
 115 150 148 148 149 147 146 146 148 148 148 146 145 145 145 142
 111 149 148 147 147 146 147 148 147 145 146 147 146 147 147 142
 116 146 147 148 147 146 147 146 147 147 146 147 146 146 145 145
 120 147 147 149 148 147 146 147 147 146 147 148 146 145 146 142
 125 146 146 149 144 144 145 146 144 150 146 145 144 147 141 137
 114 137 141 145 144 143 141 141 149 145 142 138 142 141 143 140
 123 153 152 152 152 153 153 153 152 149 150 150 149 147 147 147
 111 153 152 153 152 152 153 152 152 150 150 149 148 146 145 141
 118 153 153 153 151 152 150 150 150 149 148 148 147 145 145 143
 117 152 152 152 152 148 147 149 149 147 147 147 146 144 144 144
 126 153 151 149 147 149 151 145 146 146 144 145 147 145 141 140
 105  71  94  76  86  81  84  76  73  82  70  87  73  79  77  93
  75  87 102 118  92 118 111  95  93  93  91  88  98  91  92  87
  78 123  98 141  63 122  81  96 107  91 114  94 103  77 110  91
 120 105 123 148 133 106 128 134 130 124 114  81 111 126 141 134
 118 149 149 147 146 145 146 145 148 147 147 129 147 146 146 140
 117 148 147 147 146 146 146 147 148 147 147 146 146 145 145 140
 113 147 146 146 146 145 148 147 148 147 146 146 146 145 143 140
 118 146 146 146 147 146 147 146 147 146 146 146 145 144 144 142
 122 146 146 147 146 147 147 144 145 146 146 145 145 143 142 138
 117 143 141 146 139 142 142 142 142 146 142 138 141 140 139 134
 118 141 145 147 147 143 143 144 149 149 144 141 144 144 145 143
 121 149 149 151 150 148 147 149 148 147 148 147 147 146 145 146
 111 148 150 149 148 148 147 147 147 147 147 146 145 145 144 140
 118 149 149 149 149 148 146 145 146 147 147 146 145 144 143 140
 117 149 150 149 148 146 145 145 146 146 146 145 144 143 142 142
 127 148 150 146 144 147 146 144 144 146 145 146 146 142 141 140
 108  84 103  98 103  99 101  95  92  97  92 100  95 100  98 107
  82 108 108 130 106 130 114 117 114 110 108 116 113 115 110 106
  86 136 111 156  77 135  97 118 114 113 122 120 115 107 132 115
 123 115 130 150 141 119 135 140 130 134 129 102 124 134 143 136
 118 147 147 147 145 144 145 143 145 147 146 131 144 145 144 139
 118 147 146 144 143 142 145 144 144 145 145 145 145 144 144 138
 112 145 145 143 145 145 146 145 146 147 145 145 145 144 144 138
 119 145 143 146 146 145 145 145 146 146 146 145 145 144 145 142
 123 146 145 146 146 145 144 145 147 146 145 144 144 143 143 137
 119 139 137 143 137 139 138 141 138 140 139 133 135 138 135 130

 135 147 143 142 145 145 101 101  92 130 142 142 142 145 142 137
 139 148 147 146 145 146  83 102 112 137 145 145 147 145 146 141
 136 149 145 147 146 145  87 102  83 120 146 145 147 146 145 147
 136 149 146 148 147 147  80 101 106 112 146 145 146 146 146 144
 129 149 149 148 147 146  91  99 101  85 127 146 147 147 148 145
 136 150 149 148 147 145  77  97 116 113 145 148 146 146 147 146
 139 150 150 150 148 148  84  99  98 118 147 148 145 147 146 150
 142 152 151 150 147 145  77 105 111 126 146 148 147 147 147 144
 134 152 152 149 147 146  76 103 101 130 147 146 148 146 147 146
 135 152 151 149 146 150  88 115  83 125 147 146 147 147 146 145
 136 153 152 151 149 149  82 120 127  94 147 147 146 146 147 144
 136 152 152 153 151 148  90  97  68 124 147 149 147 147 148 144
 136 153 153 152 151 149  85 116 143 145 148 148 147 148 149 149
 135 154 152 150 152 153  96 109 107 124 150 148 148 147 147 146
 130 152 150 150 152 153  71 100 129 100 151 150 149 146 147 146
 111 120 109 116 116 126 108  81  76 116 117 115 111 116 120 125
 140 147 141 143 144 140  93  87  91 134 140 140 140 142 138 134
 143 147 145 145 144 141  77  92 110 141 146 145 143 144 142 139
 141 147 146 145 144 145  79  91  77 126 146 145 145 144 143 140
 142 149 148 147 146 147  73  98 103 111 147 146 146 145 145 141
 138 150 149 148 147 145  87  88  94  81 129 146 146 146 145 138
 142 150 150 148 147 144  70  91 114 114 147 147 146 146 146 142
 145 149 150 149 147 146  82  93  91 124 147 147 147 146 146 146
 149 152 152 150 149 146  73  93 107 130 148 148 148 147 145 142
 141 153 152 150 149 145  76  95  96 134 145 147 147 146 144 142
 141 153 153 150 147 151  84 111  81 128 146 146 148 147 147 142
 143 153 152 152 148 149  81 118 122 106 145 146 145 146 147 142
 144 152 152 151 152 147  86  92  63 133 146 146 146 147 146 139
 145 152 153 153 152 149  76 118 141 148 147 147 146 146 147 146
 141 152 152 153 152 151  94 102  98 123 149 147 146 146 146 141
 137 153 153 153 152 153  71  87 123 105 149 148 147 146 146 143
 114 123 111 118 117 126 105  75  78 120 118 117 113 118 122 117
 143 146 140 140 142 140 107 106 115 136 139 138 138 142 137 130
 145 145 144 143 142 141  98 110 132 143 144 144 144 145 143 135
 144 146 145 144 143 142 100 115 107 134 145 144 144 144 143 138
 144 147 145 145 144 146  95 113 115 124 144 145 145 145 144 135
 141 147 146 146 145 146 100 116 120 102 131 145 145 145 144 133
 144 148 147 147 146 145  92 108 122 129 146 145 145 146 145 139
 149 147 147 147 146 146  97 110 113 134 147 145 147 146 146 140
 149 148 147 146 146 144  92 114 114 130 145 144 146 146 147 138
 144 149 147 145 145 144  95 117 118 140 143 144 145 145 145 141
 143 147 147 146 145 146 101 114  97 135 145 145 146 145 144 138
 143 148 148 148 146 147  99 130 135 119 144 142 145 145 145 139
 147 150 148 149 148 144 103 106  77 141 145 143 145 146 146 137
 147 151 149 149 149 146  98 130 156 150 147 144 143 146 146 143
 145 149 150 149 150 150 103 108 111 130 147 146 145 143 145 137
 141 149 148 149 149 148  84 108 136 115 147 147 145 145 146 139
 118 121 111 118 117 127 108  82  86 123 118 118 112 119 123 119

 137 141 147 144 145 146 150 144 146 145 144 144 149 146 146 125
 142 146 145 146 148 147 146 147 147 146 147 148 149 147 147 120
 145 145 146 146 147 146 147 147 146 147 146 147 148 147 146 116
 142 147 147 146 147 146 145 147 148 147 146 147 147 148 149 111
 142 145 145 145 146 148 148 148 146 146 147 149 148 148 150 115
 142 145 146 146 127 145 147 146 147 147 147 147 148 150 151 117
 130 137 120 112  85 113 118 126 130 125  94 124 145 124 100 116
  92 112  83 106 101 116  98 111 101  83 127  68 143 107 129  76
 101 102 102 101  99  97  99 105 103 115 120  97 116 109 100  81
 101  83  87  80  91  77  84  77  76  88  82  90  85  96  71 108
 145 146 145 147 146 145 148 145 146 150 149 148 149 153 153 126
 145 145 146 147 147 147 148 147 147 146 149 151 151 152 152 116
 142 146 147 148 148 148 150 150 149 149 151 153 152 150 150 116
 143 147 145 146 149 149 150 151 152 151 152 152 153 152 150 109
 147 148 149 149 149 150 150 152 152 152 153 152 153 154 152 120
 135 139 136 136 129 136 139 142 134 135 136 136 136 135 130 111
 134 139 140 141 138 142 146 142 142 142 142 139 146 141 143 117
 138 142 143 145 145 146 146 145 144 147 147 146 147 146 146 122
 142 144 144 145 146 146 146 147 146 147 146 147 146 146 146 118
 140 143 145 146 146 146 147 148 147 148 145 146 146 146 147 113
 140 145 145 146 146 147 147 148 147 146 146 146 147 147 148 117
 140 146 146 147 129 147 147 148 145 146 145 146 147 149 149 118
 134 141 126 111  81 114 124 130 134 128 106 133 148 123 105 120
  91 110  77 103  94 114  91 107  96  81 122  63 141  98 123  78
  87  92  91  98  88  91  93  93  95 111 118  92 118 102  87  75
  93  77  79  73  87  70  82  73  76  84  81  86  76  94  71 105
 140 141 145 147 145 144 146 146 145 151 149 147 149 151 153 126
 144 144 144 146 147 147 147 149 149 147 148 152 152 152 152 117
 143 145 145 147 148 148 149 150 150 150 152 151 153 153 153 118
 141 145 146 148 149 150 150 152 152 153 152 152 153 152 153 111
 147 147 147 149 150 150 149 152 153 153 153 152 152 152 153 123
 140 143 141 142 138 142 145 149 141 141 143 144 145 141 137 114
 130 135 138 135 133 139 140 138 141 138 139 137 143 137 139 119
 137 143 143 144 144 145 146 147 145 144 145 146 146 145 146 123
 142 145 144 145 145 146 146 146 145 145 145 146 146 143 145 119
 138 144 144 145 145 145 147 146 145 146 145 145 143 145 145 112
 138 144 144 145 145 145 145 144 144 145 142 143 144 146 147 118
 139 144 145 144 131 146 147 145 143 145 144 145 147 147 147 118
 136 143 134 124 102 129 134 130 140 135 119 141 150 130 115 123
 115 132 107 115 120 122 113 114 118  97 135  77 156 111 136  86
 106 110 115 113 116 108 110 114 117 114 130 106 130 108 108  82
 107  98 100  95 100  92  97  92  95 101  99 103  98 103  84 108
 140 141 142 146 146 145 146 144 144 146 147 144 146 150 148 127
 142 142 143 144 145 146 146 146 145 145 146 148 149 150 149 117
 140 143 144 145 146 147 147 146 145 146 148 149 149 149 149 118
 140 144 145 145 146 147 147 147 147 147 148 148 149 150 148 111
 146 145 146 147 147 148 147 148 149 147 148 150 151 149 149 121
 143 145 144 144 141 144 149 149 144 143 143 147 147 145 141 118

 125 120 116 111 115 117 116  76  81 108 126 116 116 109 120 111
 146 147 146 149 150 151 100 129 100  71 153 152 150 150 152 130
 146 147 147 148 148 150 124 107 109  96 153 152 150 152 154 135
 149 149 148 147 148 148 145 143 116  85 149 151 152 153 153 136
 144 148 147 147 149 147 124  68  97  90 148 151 153 152 152 136
 144 147 146 146 147 147  94 127 120  82 149 149 151 152 153 136
 145 146 147 147 146 147 125  83 115  88 150 146 149 151 152 135
 146 147 146 148 146 147 130 101 103  76 146 147 149 152 152 134
 144 147 147 147 148 146 126 111 105  77 145 147 150 151 152 142
 150 146 147 145 148 147 118  98  99  84 148 148 150 150 150 139
 146 147 146 146 148 145 113 116  97  77 145 147 148 149 150 136
 145 148 147 147 146 127  85 101  99  91 146 147 148 149 149 129
 144 146 146 146 145 146 112 106 101  80 147 147 148 146 149 136
 147 145 146 147 145 146 120  83 102  87 145 146 147 145 149 136
 141 146 145 147 145 145 137 112 102  83 146 145 146 147 148 139
 137 142 145 142 142 142 130  92 101 101 145 145 142 143 147 135
 117 122 118 113 117 118 120  78  75 105 126 117 118 111 123 114
 143 146 146 147 148 149 105 123  87  71 153 152 153 153 153 137
 141 146 146 146 147 149 123  98 102  94 151 152 153 152 152 141
 146 147 146 146 147 147 148 141 118  76 149 152 153 153 152 145
 139 146 147 146 146 146 133  63  92  86 147 152 151 152 152 144
 142 147 146 145 146 145 106 122 118  81 149 148 152 152 153 143
 142 147 147 148 146 146 128  81 111  84 151 147 150 153 153 141
 142 144 146 147 147 145 134  96  95  76 145 149 150 152 153 141
 142 145 147 148 148 148 130 107  93  73 146 149 150 152 152 149
 146 146 146 147 147 147 124  91  93  82 146 147 149 150 149 145
 142 146 146 146 147 147 114 114  91  70 144 147 148 150 150 142
 138 145 146 146 146 129  81  94  88  87 145 147 148 149 150 138
 141 145 145 146 146 147 111 103  98  73 147 146 147 148 149 142
 140 143 144 145 145 146 126  77  91  79 145 144 145 146 147 141
 139 142 144 143 145 146 141 110  92  77 141 144 145 145 147 143
 134 138 142 140 140 140 134  91  87  93 140 144 143 141 147 140
 119 123 119 112 118 118 123  86  82 108 127 117 118 111 121 118
 139 146 145 145 147 147 115 136 108  84 148 149 149 148 149 141
 137 145 143 145 146 147 130 111 108 103 150 150 149 150 149 145
 143 146 146 143 144 147 150 156 130  98 146 149 149 149 151 147
 137 146 146 145 143 145 141  77 106 103 144 148 149 148 150 147
 139 145 145 145 142 144 119 135 130  99 147 146 148 148 148 143
 138 144 145 146 145 145 135  97 114 101 146 145 146 147 147 143
 141 145 145 145 144 143 140 118 117  95 144 145 145 147 149 144
 138 147 146 146 144 145 130 114 114  92 144 146 146 147 148 149
 140 146 146 147 145 147 134 113 110  97 146 146 147 147 147 149
 139 145 146 145 145 146 129 122 108  92 145 146 147 147 148 144
 133 144 145 145 145 131 102 120 116 100 146 145 146 146 147 141
 135 144 145 145 145 144 124 115 113  95 146 144 145 145 147 144
 138 143 144 144 144 145 134 107 115 100 142 143 144 145 146 144
 135 143 145 144 144 144 143 132 110  98 141 142 143 144 145 145
 130 137 142 138 138 139 136 115 106 107 140 142 140 140 146 143

