  68 133 137 139 139 139 140 143 143 146 149 151 153 153 154 155
  69 135 139 140 139 140 142 144 146 147 150 153 154 153 154 156
  59 138 140 140 140 141 142 144 147 147 150 153 155 156 156 159
  65 137 140 141 140 141 142 145 147 148 152 153 156 157 158 160
  65 139 139 139 142 142 143 146 148 150 151 153 155 156 156 160
  57 138 140 141 141 140 143 148 149 150 153 154 155 156 158 161
  65 138 140 141 141 142 144 147 148 150 153 155 156 158 159 160
  62 138 140 141 142 142 143 146 148 150 154 155 155 157 156 157
  58 138 140 140 141 143 144 147 148 151 152 153 155 157 156 158
  59 137 142 143 141 146 145 148 150 155 155 154 155 158 159 162
  61 122  55  52 130  48  58 122  48  64 115 154 146 139  52  79
  62  76  74  66  83  40  64  88  51  71  99  34  51  94  53  99
  63  75  72  57  99  38 122 132  46  52 103  47  73  98  96  45
  62 130  65  73 135  92 144 140 100 110 114 111  92 141  76 105
  57 140 140 144 145 148 148 150 153 155 156 158 160 160 162 161
  53  94  79  74  67  68  70  66  73  64  69  79  79  85  87  93
  68 137 138 140 141 141 141 144 146 149 151 154 156 156 159 160
  66 136 137 139 139 140 142 143 146 147 150 153 155 156 158 160
  59 137 138 140 140 140 142 143 146 148 151 154 154 156 158 160
  61 137 138 139 140 140 142 143 146 148 151 153 155 157 159 160
  62 138 138 139 139 140 142 145 147 149 151 154 155 157 158 160
  53 137 137 138 139 141 142 145 147 150 152 154 155 157 158 161
  62 138 138 138 140 142 142 144 147 150 152 154 155 158 159 160
  60 139 138 138 140 142 143 146 147 150 152 155 157 157 159 160
  53 139 138 139 139 141 143 146 147 150 153 155 157 158 158 160
  58 138 139 140 139 144 144 148 151 153 155 155 156 158 161 162
  60 124  55  47 124  38  42 111  37  52 107 153 145 135  44  72
  61  76  71  62  80  30  56  85  40  59  94  31  42  88  47  89
  63  78  65  45  93  31 122 130  39  51 101  48  63  95  95  38
  60 138  74  75 135  98 146 144 109 118 126 121  97 144  86 107
  57 141 140 142 143 145 147 149 152 154 156 158 159 160 162 164
  43  75  64  58  49  49  49  53  58  48  53  62  60  64  72  79
  66 132 129 132 133 132 134 137 139 141 143 146 146 148 149 153
  61 131 128 130 131 132 133 134 137 139 141 143 145 148 148 150
  56 131 130 131 131 132 133 134 137 140 142 145 146 148 149 151
  59 131 129 129 131 132 133 135 138 140 142 144 146 148 150 151
  61 132 129 130 132 132 133 136 138 140 142 145 147 148 149 151
  50 131 130 131 132 132 134 137 139 142 144 146 147 149 149 152
  58 133 130 131 132 133 135 138 139 142 144 146 148 149 150 151
  59 133 129 131 132 133 135 137 139 141 143 146 148 149 150 151
  56 133 131 132 132 133 135 137 139 142 145 147 148 149 149 150
  56 132 133 133 132 136 136 139 141 141 145 146 148 150 152 152
  59 120  51  40 108  33  38  99  30  44  89 145 135 126  42  64
  58  71  72  63  78  29  56  82  34  56  99  29  43  79  49  80
  61  72  65  42  95  28 118 120  38  55  98  45  58  88  89  41
  58 137  77  72 130  97 138 135 103 116 123 122  95 140  89  97
  56 136 132 133 134 136 138 141 144 145 148 149 150 150 153 155
  41  69  58  51  42  41  41  43  47  39  48  55  49  53  60  67

 155 156 159 160 160 161 160 157 158 162  79  99  45 105 161  93
 154 154 156 158 156 158 159 156 156 159  52  53  96  76 162  87
 153 153 156 157 156 156 158 157 157 158 139  94  98 141 160  85
 153 154 155 156 155 155 156 155 155 155 146  51  73  92 160  79
 151 153 153 153 153 154 155 155 153 154 154  34  47 111 158  79
 149 150 150 152 151 153 153 154 152 155 115  99 103 114 156  69
 146 147 147 148 150 150 150 150 151 155  64  71  52 110 155  64
 143 146 147 147 148 149 148 148 148 150  48  51  46 100 153  73
 143 144 144 145 146 148 147 146 147 148 122  88 132 140 150  66
 140 142 142 142 143 143 144 143 144 145  58  64 122 144 148  70
 139 140 141 141 142 140 142 142 143 146  48  40  38  92 148  68
 139 139 140 140 142 141 141 142 141 141 130  83  99 135 145  67
 139 140 140 141 139 141 141 141 140 143  52  66  57  73 144  74
 137 139 140 140 139 140 140 140 140 142  55  74  72  65 140  79
 133 135 138 137 139 138 138 138 138 137 122  76  75 130 140  94
  68  69  59  65  65  57  65  62  58  59  61  62  63  62  57  53
 160 160 160 160 160 161 160 160 160 162  72  89  38 107 164  79
 159 158 158 159 158 158 159 159 158 161  44  47  95  86 162  72
 156 156 156 157 157 157 158 157 158 158 135  88  95 144 160  64
 156 155 154 155 155 155 155 157 157 156 145  42  63  97 159  60
 154 153 154 153 154 154 154 155 155 155 153  31  48 121 158  62
 151 150 151 151 151 152 152 152 153 155 107  94 101 126 156  53
 149 147 148 148 149 150 150 150 150 153  52  59  51 118 154  48
 146 146 146 146 147 147 147 147 147 151  37  40  39 109 152  58
 144 143 143 143 145 145 144 146 146 148 111  85 130 144 149  53
 141 142 142 142 142 142 142 143 143 144  42  56 122 146 147  49
 141 140 140 140 140 141 142 142 141 144  38  30  31  98 145  49
 141 139 140 140 139 139 140 140 139 139 124  80  93 135 143  49
 140 139 140 139 139 138 138 138 139 140  47  62  45  75 142  58
 138 137 138 138 138 137 138 138 138 139  55  71  65  74 140  64
 137 136 137 137 138 137 138 139 139 138 124  76  78 138 141  75
  68  66  59  61  62  53  62  60  53  58  60  61  63  60  57  43
 153 150 151 151 151 152 151 151 150 152  64  80  41  97 155  67
 149 148 149 150 149 149 150 150 149 152  42  49  89  89 153  60
 148 148 148 148 148 149 149 149 149 150 126  79  88 140 150  53
 146 145 146 146 147 147 148 148 148 148 135  43  58  95 150  49
 146 143 145 144 145 146 146 146 147 146 145  29  45 122 149  55
 143 141 142 142 142 144 144 143 145 145  89  99  98 123 148  48
 141 139 140 140 140 142 142 141 142 141  44  56  55 116 145  39
 139 137 137 138 138 139 139 139 139 141  30  34  38 103 144  47
 137 134 134 135 136 137 138 137 137 139  99  82 120 135 141  43
 134 133 133 133 133 134 135 135 135 136  38  56 118 138 138  41
 132 132 132 132 132 132 133 133 133 136  33  29  28  97 136  41
 133 131 131 131 132 132 132 132 132 132 108  78  95 130 134  42
 132 130 131 129 130 131 131 131 132 133  40  63  42  72 133  51
 129 128 130 129 129 130 130 129 131 133  51  72  65  77 132  58
 132 131 131 131 132 131 133 133 133 132 120  71  72 137 136  69
  66  61  56  59  61  50  58  59  56  56  59  58  61  58  56  41

  93  87  85  79  79  69  64  73  66  70  68  67  74  79  94  53
 161 162 160 160 158 156 155 153 150 148 148 145 144 140 140  57
 105  76 141  92 111 114 110 100 140 144  92 135  73  65 130  62
  45  96  98  73  47 103  52  46 132 122  38  99  57  72  75  63
  99  53  94  51  34  99  71  51  88  64  40  83  66  74  76  62
  79  52 139 146 154 115  64  48 122  58  48 130  52  55 122  61
 162 159 158 155 154 155 155 150 148 145 146 141 143 142 137  59
 158 156 157 155 153 152 151 148 147 144 143 141 140 140 138  58
 157 156 157 155 155 154 150 148 146 143 142 142 141 140 138  62
 160 159 158 156 155 153 150 148 147 144 142 141 141 140 138  65
 161 158 156 155 154 153 150 149 148 143 140 141 141 140 138  57
 160 156 156 155 153 151 150 148 146 143 142 142 139 139 139  65
 160 158 157 156 153 152 148 147 145 142 141 140 141 140 137  65
 159 156 156 155 153 150 147 147 144 142 141 140 140 140 138  59
 156 154 153 154 153 150 147 146 144 142 140 139 140 139 135  69
 155 154 153 153 151 149 146 143 143 140 139 139 139 137 133  68
  79  72  64  60  62  53  48  58  53  49  49  49  58  64  75  43
 164 162 160 159 158 156 154 152 149 147 145 143 142 140 141  57
 107  86 144  97 121 126 118 109 144 146  98 135  75  74 138  60
  38  95  95  63  48 101  51  39 130 122  31  93  45  65  78  63
  89  47  88  42  31  94  59  40  85  56  30  80  62  71  76  61
  72  44 135 145 153 107  52  37 111  42  38 124  47  55 124  60
 162 161 158 156 155 155 153 151 148 144 144 139 140 139 138  58
 160 158 158 157 155 153 150 147 146 143 141 139 139 138 139  53
 160 159 157 157 155 152 150 147 146 143 142 140 138 138 139  60
 160 159 158 155 154 152 150 147 144 142 142 140 138 138 138  62
 161 158 157 155 154 152 150 147 145 142 141 139 138 137 137  53
 160 158 157 155 154 151 149 147 145 142 140 139 139 138 138  62
 160 159 157 155 153 151 148 146 143 142 140 140 139 138 137  61
 160 158 156 154 154 151 148 146 143 142 140 140 140 138 137  59
 160 158 156 155 153 150 147 146 143 142 140 139 139 137 136  66
 160 159 156 156 154 151 149 146 144 141 141 141 140 138 137  68
  67  60  53  49  55  48  39  47  43  41  41  42  51  58  69  41
 155 153 150 150 149 148 145 144 141 138 136 134 133 132 136  56
  97  89 140  95 122 123 116 103 135 138  97 130  72  77 137  58
  41  89  88  58  45  98  55  38 120 118  28  95  42  65  72  61
  80  49  79  43  29  99  56  34  82  56  29  78  63  72  71  58
  64  42 126 135 145  89  44  30  99  38  33 108  40  51 120  59
 152 152 150 148 146 145 141 141 139 136 136 132 133 133 132  56
 150 149 149 148 147 145 142 139 137 135 133 132 132 131 133  56
 151 150 149 148 146 143 141 139 137 135 133 132 131 129 133  59
 151 150 149 148 146 144 142 139 138 135 133 132 131 130 133  58
 152 149 149 147 146 144 142 139 137 134 132 132 131 130 131  50
 151 149 148 147 145 142 140 138 136 133 132 132 130 129 132  61
 151 150 148 146 144 142 140 138 135 133 132 131 129 129 131  59
 151 149 148 146 145 142 140 137 134 133 132 131 131 130 131  56
 150 148 148 145 143 141 139 137 134 133 132 131 130 128 131  61
 153 149 148 146 146 143 141 139 137 134 132 133 132 129 132  66

  53  57  62  63  62  61  59  58  62  65  57  65  65  59  69  68
  94 140 130  75  76 122 137 138 138 138 138 139 137 138 135 133
  79 140  65  72  74  55 142 140 140 140 140 139 140 140 139 137
  74 144  73  57  66  52 143 140 141 141 141 139 141 140 140 139
  67 145 135  99  83 130 141 141 142 141 141 142 140 140 139 139
  68 148  92  38  40  48 146 143 142 142 140 142 141 141 140 139
  70 148 144 122  64  58 145 144 143 144 143 143 142 142 142 140
  66 150 140 132  88 122 148 147 146 147 148 146 145 144 144 143
  73 153 100  46  51  48 150 148 148 148 149 148 147 147 146 143
  64 155 110  52  71  64 155 151 150 150 150 150 148 147 147 146
  69 156 114 103  99 115 155 152 154 153 153 151 152 150 150 149
  79 158 111  47  34 154 154 153 155 155 154 153 153 153 153 151
  79 160  92  73  51 146 155 155 155 156 155 155 156 155 154 153
  85 160 141  98  94 139 158 157 157 158 156 156 157 156 153 153
  87 162  76  96  53  52 159 156 156 159 158 156 158 156 154 154
  93 161 105  45  99  79 162 158 157 160 161 160 160 159 156 155
  43  57  60  63  61  60  58  53  60  62  53  62  61  59  66  68
  75 141 138  78  76 124 138 139 139 138 137 138 137 137 136 137
  64 140  74  65  71  55 139 138 138 138 137 138 138 138 137 138
  58 142  75  45  62  47 140 139 138 138 138 139 139 140 139 140
  49 143 135  93  80 124 139 139 140 140 139 139 140 140 139 141
  49 145  98  31  30  38 144 141 142 142 141 140 140 140 140 141
  49 147 146 122  56  42 144 143 143 142 142 142 142 142 142 141
  53 149 144 130  85 111 148 146 146 144 145 145 143 143 143 144
  58 152 109  39  40  37 151 147 147 147 147 147 146 146 146 146
  48 154 118  51  59  52 153 150 150 150 150 149 148 148 147 149
  53 156 126 101  94 107 155 153 152 152 152 151 151 151 150 151
  62 158 121  48  31 153 155 155 155 154 154 154 153 154 153 154
  60 159  97  63  42 145 156 157 157 155 155 155 155 154 155 156
  64 160 144  95  88 135 158 158 157 158 157 157 157 156 156 156
  72 162  86  95  47  44 161 158 159 159 158 158 159 158 158 159
  79 164 107  38  89  72 162 160 160 160 161 160 160 160 160 160
  41  56  58  61  58  59  56  56  59  58  50  61  59  56  61  66
  69 136 137  72  71 120 132 133 133 133 131 132 131 131 131 132
  58 132  77  65  72  51 133 131 129 130 130 129 129 130 128 129
  51 133  72  42  63  40 133 132 131 131 131 130 129 131 130 132
  42 134 130  95  78 108 132 132 132 132 132 132 131 131 131 133
  41 136  97  28  29  33 136 133 133 133 132 132 132 132 132 132
  41 138 138 118  56  38 136 135 135 135 134 133 133 133 133 134
  43 141 135 120  82  99 139 137 137 138 137 136 135 134 134 137
  47 144 103  38  34  30 141 139 139 139 139 138 138 137 137 139
  39 145 116  55  56  44 141 142 141 142 142 140 140 140 139 141
  48 148 123  98  99  89 145 145 143 144 144 142 142 142 141 143
  55 149 122  45  29 145 146 147 146 146 146 145 144 145 143 146
  49 150  95  58  43 135 148 148 148 148 147 147 146 146 145 146
  53 150 140  88  79 126 150 149 149 149 149 148 148 148 148 148
  60 153  89  89  49  42 152 149 150 150 149 149 150 149 148 149
  67 155  97  41  80  64 152 150 151 151 152 151 151 151 150 153

